1.324450012240729370e-02 1.324450769123656883e-02 1.324444223602484413e-02 1.324449062464133284e-02 1.324449715273020960e-02
8.712644007829969603e-03 8.540542764372412513e-03 8.632556521739128894e-03 8.476622291018526614e-03 8.632799321153629760e-03
2.683618625985788406e-03 2.525639213386190757e-03 2.815433540372670219e-03 2.628208448741504825e-03 2.617106110639689804e-03
6.768867368878225951e-04 7.150603083245953484e-04 8.096496894409936206e-04 8.393183071639907789e-04 7.281138498972529027e-04
3.885279267891695535e-04 3.322074091577510821e-04 2.967751552795030588e-04 3.728102918188937057e-04 3.492685021418420678e-04
2.286097092032872489e-04 2.583331399359889793e-04 1.861465838509316479e-04 2.247526532452930287e-04 2.170263666383813765e-04
1.581871018561862815e-04 2.052297454961274999e-04 1.632695652173912673e-04 1.725358514406088550e-04 2.005152689315326019e-04
1.465814561653840423e-04 1.531601477696363479e-04 1.506186335403726564e-04 1.309127326318953999e-04 1.543762076615582920e-04
1.512319090723780464e-04 1.339505170038461505e-04 1.388322981366459606e-04 1.258952068408987382e-04 1.295942257164180698e-04
1.264636378628812736e-04 1.320622556600370152e-04 1.279105590062111801e-04 1.294399770859551056e-04 1.181029106560477644e-04
